40
82
44
23
79
47
37
64
53
55
51
91
35
34
54
27
75
73
54
53
56
89
91
15
38
21
72
32
85
99
37
78
89
80
37
74
48
76
90
26
40
43
39
74
85
38
62
10
52
38
67
59
16
33
76
53
52
61
93
24
25
66
55
72
33
59
41
76
74
36
35
51
34
68
86
39
90
76
11
21
66
31
49
42
89
50
41
61
66
37
85
100
70
21
58
30
52
61
93
84
95
19
84
24
52
21
23
13
73
33
55
15
60
37
64
60
75
71
73
12
96
36
65
62
56
55
47
61
85
81
50
10
28
60
14
45
90
23
45
40
28
38
81
57
60
53
48
82
56
43
77
71
31
11
48
21
67
88
50
35
67
48
93
68
67
96
43
69
98
20
42
32
21
80
55
91
12
26
53
43
80
68
67
67
34
56
36
44
15
32
95
87
60
92
60
17
90
67
15
45
57
40
75
81
73
56
53
79
30
42
50
71
80
98
49
57
98
69
97
42
49
36
73
88
61
16
20
15
65
82
33
49
39
55
50
44
58
47
93
10
21
52
79
85
15
68
72
81
41
21
87
25
98
15
81
86
82
14
27
59
49
94
71
55
60
62
53
22
100
60
45
95
29
18
93
43
49
98
11
19
67
75
80
23
80
13
62
38
18
13
64
63
96
89
56
25
14
14
21
57
93
37
94
85
90
23
11
60
17
83
55
45
76
94
56
68
23
49
61
86
40
18
95
18
91
20
72
12
56
26
25
75
70
16
88
28
80
70
74
32
91
27
91
44
67
19
18
76
97
80
95
71
78
74
43
68
15
55
68
24
62
15
33
65
16
29
31
35
96
58
33
41
63
20
49
22
54
45
25
23
23
93
86
84
35
17
24
86
91
86
25
53
32
56
14
74
94
16
37
91
93
30
61
71
30
54
78
62
26
64
67
63
21
63
41
92
88
34
72
81
89
20
83
45
96
48
15
34
94
92
18
55
59
22
47
99
96
86
20
83
50
74
11
31
74
91
27
53
82
59
69
11
34
47
51
14
36
18
10
94
93
34
25
74
17
37
69
38
95
34
96
67
51
68
69
70
30
12
51
70
24
97
75
47
70
69
62
81
37
41
42
69
88
82
78
59
30
59
93
88
41
33
16
22
75
51
85
25
28
60
78
92
65
47
64
33
74
56
29
13
19
80
71
47
58
70
31
33
59
71
45
21
11
94
87
18
68
94
10
80
17
92
86
77
82
93
89
65
96
69
83
50
90
51
67
39
85
23
10
99
96
29
39
31
11
80
96
20
55
54
23
63
78
92
72
26
66
48
57
92
83
70
64
17
68
99
50
24
99
65
97
47
89
86
96
35
38
77
80
97
44
11
13
10
62
28
55
51
75
62
85
27
37
47
67
98
77
85
97
37
72
45
62
70
78
29
94
64
95
84
32
66
72
27
29
96
55
22
26
72
20
22
42
79
98
36
60
20
76
99
16
74
17
42
33
79
87
40
21
41
71
14
52
28
25
76
64
11
66
55
16
93
83
72
29
11
68
85
19
55
24
52
31
12
19
75
74
91
32
34
13
39
62
51
78
39
99
85
50
78
17
58
21
38
67
69
68
76
53
58
34
100
75
35
84
68
34
30
34
27
77
73
97
57
12
10
11
63
10
68
62
28
75
80
28
94
78
100
80
72
81
85
55
97
40
21
73
45
43
57
72
72
86
79
90
34
61
51
65
57
92
50
25
30
86
40
72
95
28
14
82
24
74
94
60
86
88
80
94
89
85
31
59
46
57
73
96
74
99
34
58
88
82
68
30
86
62
75
20
38
39
26
13
91
84
11
31
26
22
39
63
23
97
48
16
86
15
36
41
49
30
48
77
17
12
92
92
29
19
54
37
87
82
98
84
21
50
60
68
84
37
44
91
11
92
26
10
31
60
73
46
83
20
83
88
93
93
96
44
43
98
14
99
48
80
66
90
72
100
26
66
96
27
45
52
82
29
59
67
48
20
57
49
51
94
27
88
73
25
42
84
62
76
37
88
80
22
44
85
91
41
40
99
27
83
23
27
36
32
34
89
22
56
46
35
91
23
73
96
95
24
45
79
80
69
73
71
10
33
31
73
68
76
82
60
33
38
100
93
77
70
49
71
49
58
15
48
83
96
86
62
60
19
74
64
88
57
16
45
50
40
97
21
31
55
66
85
46
26
19
45
14
20
72
19
42
91
98
96
50
97
11
50
64
36
11
42
56
78
16
25
91
33
89
58
55
13
47
68
79