1.043159211
4.026416271
3.337937559
1.049522956
4.302773408
1.37956574
1.356750375
4.360303289
4.466181876
4.093234402
1.160987957
2.699735538
1.60119358
2.921004204
3.670412239
1.422716143
1.480632132
4.498244681
3.278340556
3.785245245
2.609587353
4.568632343
4.072724797
2.499756274
1.020492671
4.748169005
3.301743408
2.82280286
4.940985221
3.110113573
2.755187149
3.44728947
4.799409019
3.92326116
4.173991568
1.014996128
4.947664783
2.663067924
1.788771519
2.435611336
2.922173646
1.671958886
3.601868547
2.039156739
4.886711103
2.827869831
1.280731686
1.836963966
3.012240786
3.083285933
3.842990023
3.964195138
1.29231997
2.450522629
2.820647079
2.251328487
3.613136293
1.684541374
3.158493604
1.59071307
1.04240882
2.063108735
4.026271066
1.779210786
3.045016003
4.55091731
4.251683239
4.30493624
3.6666674
2.538600852
4.864999298
2.793625807
2.923982057
2.880808188
2.8894437
2.974139315
2.228263165
1.297257193
1.333422087
2.93805629
2.403440002
4.612706003
1.421790367
2.560174045
1.107632847
3.276221603
4.126941614
2.557892132
3.896436962
3.961592463
3.052555822
1.845071304
4.928128215
3.941875648
1.971525135
4.65525163
3.761890551
4.277089916
4.280090725
1.837199422
1.501754271
4.211889573
3.649170715
4.737257325
1.75093116
2.726230341
3.321346928
4.278042968
2.727659601
4.665058099
2.393684591
2.44626948
1.188491798
1.457139594
2.887806601
3.114797145
3.992174604
3.517315773
2.657925071
2.507310693
1.633989597
4.425129582
2.647393415
1.09081315
4.139373023
4.851703509
4.86740353
2.310493963
2.104322007
1.021972485
3.377493367
2.997701328
1.664542402
3.63365153
3.654703013
1.017654743
3.320508609
1.811578261
3.540081867
2.022643003
4.441575548
4.403932394
4.922934883
1.000967235
4.821956689
3.466387981
2.582393026
2.716311659
4.001270462
1.197330723
2.35206414
4.815682355
1.946292676
2.301224631
2.433795362
1.154187364
3.981751298
2.923330927
2.241727301
2.983802721
4.735471557
2.98164149
4.268027667
2.636594899
2.275472954
4.743823985
4.47806137
4.456580599
1.089462325
3.465192594
1.767866521
4.795455839
3.101798554
3.334538872
1.913270934
1.998148132
4.567658317
1.687869595
1.02832306
2.366447234
4.829054628
4.358912645
2.675231958
3.448527594
1.565354209
2.434972507
3.043009203
4.359929899
3.466920439
4.033069074
3.230677667
3.961569667
2.936956139
3.792556244
3.344866684
1.289426342
2.299034126
3.032124841
4.980655634
4.124427218
4.246084617
3.495501605
1.876204845
1.89324317
2.976563105
4.360464131
2.789540795
2.671151972
1.028669878
2.049039595
3.173827063
3.439552435
4.860237045
1.793905201
3.623237714
3.882450495
1.438125731
3.077033066
1.968835967
4.505382327
2.859178546
1.105318739
2.970808688
1.748627957
1.635194216
2.431736482
4.144274439
1.967415572
1.823312905
4.592905504
4.738404628
1.4143585
4.706320333
1.699052197
1.814530127
1.718297859
3.662010629
2.146848906
3.956210591
2.234526853
2.404954172
4.128792274
1.05931859
3.4746219
2.33366971
3.184283802
2.260192199
3.616173283
1.875618714
2.772521447
2.193283427
1.659000335
4.236829853
1.393034744
2.550519354
2.059769414
3.481409233
3.563482806
2.504419165
4.154888892
2.981081581
4.28858144
4.053594853
3.190616884
2.746730355
2.367762561
4.441337119
3.939581932
4.743391172
4.213088307
4.075216259
2.311251113
1.764609254
1.657266961
3.809488549
1.393377273
1.889881364
2.958504997
2.191241877
2.129731799
2.256525934
1.266590167
4.17982815
3.814152154
3.70418879
3.236064278
4.537102679
2.108827714
2.805553334
4.883941462
4.818010098
3.075503826
2.769660905
4.092572015
2.424542625
4.100230323
1.877989508
1.416317141
2.954602656
4.923508936
2.044992494
4.903871566
3.685862143
1.300398563
2.330814132
2.800679753
3.889022253
4.42216008
3.754996802
3.945481349
4.803390239
2.927937578
4.512074442
2.062362221
1.21795546
2.098501017
4.395249785
1.15586985
1.231913046
3.146928023
4.452209683
1.707225428
2.326168452
4.530634427
2.668089208
3.313869752
4.572943413
1.295316214
3.73603013
2.137827815
3.272901426
3.149412946
2.042428987
1.855252274
3.396661563
4.169716343
1.591559598
1.444198704
1.804017418
1.246471514
4.473672898
3.979717427
4.74202906
3.873916155
1.420409071
4.829417307
1.110510848
2.915742059
3.150290196
2.797018296
4.471219775
1.50329194
2.912222167
3.864665917
2.489550581
4.330070804
3.412001229
1.174952648
4.449500338
2.257292487
1.760450534
1.281293053
3.142884987
2.040456962
3.282472037
4.153341476
2.710665415
1.541757712
3.795107582
2.634244312
1.081098282
1.843919361
3.153142823
1.474025215
4.268766181
3.833159814
3.722545456
3.571269953
3.637552903
1.204175626
3.324489276
3.584985286
2.533853796
1.461914043
3.666720052
3.578353949
1.169952748
4.11723275
1.547099791
4.448025482
3.828184813
2.8148203
1.752218472
3.532018951
2.590749419
2.865913132
1.573943498
2.190953332
2.6298403
2.434738189
4.63661739
1.50367936
3.485748049
2.938891562
2.679992529
1.751391581
3.582101277
2.984203036
2.010899196
4.723107548
3.263647259
3.40240993
4.849343339
2.175163962
2.728876535
3.251515841
2.846891504
4.986091107
3.302575649
4.720487413
1.654133332
2.115579785
4.502435021
3.055542338
3.812085671
4.644768215
4.717963173
1.904094939
3.828901927
2.771944721
2.621390486
2.238621627
3.87845411
1.705658206
2.722706085
2.822618311
3.129701671
4.685958152
2.574077979
4.720335238
1.841605619
3.907727442
3.021282847
1.564570818
4.199138754
1.129824851
4.730448148
2.144847419
4.547042542
4.326285345
2.978109187
3.702569195
2.573801588
3.665802584
1.290974737
4.435460757
1.595981702
1.184450033
2.342762728
2.582289276
1.030127034
2.029820364
3.182324449
1.362157546
1.202302846
1.064478592
1.795343557
1.314761528
4.90629582
4.638343236
2.31929243
3.482992748
1.688509535
1.370661542
4.074193704
4.077371639
1.559270898
1.342996212
1.197572306
1.792727108
1.671659401
3.57821856
2.651376557
2.1247466
2.638129577
1.202709784
3.698950312
1.194998349
3.560668439
1.979704402
3.122132855
1.378184911
3.126248293
4.680935629
1.129654007
1.72769559
3.697727096
2.985982414
2.601402474
1.70443952
4.322167156
4.987964321
4.534499079
2.096109252
1.729782149
3.983456227
4.056667235
4.459064433
1.957709762
3.108177745
2.930071614
2.36236785
4.061790922
3.432789514
3.748936698
1.604158864
2.848969458
2.580412062
3.475022401
3.070483462
3.256780572
2.939079723
1.224769959
1.934450018
2.443379936
2.929688349
4.147790663
2.714762174
1.995143535
3.356410402
2.893097706
2.066029254
4.825169004
4.508485513
1.204241995
3.347461074
2.405967071
2.369527546
3.101623434
1.165614991
2.136926727
4.022021188
4.165312333
3.556866321
2.004271238
1.356261781
2.544323557
1.492992563
4.28395114
2.928257743
4.073676652
4.480168913
1.19849412
4.096963789
3.936087109
2.600749076
1.502021998
2.02668227
4.233459276
1.002064069
3.968456345
4.440105991
4.043087203
4.56326549
2.592885049
4.024158908
1.206722946
3.492861271
4.239391099
1.452466382
2.619218369
4.051564761
3.401509068
4.491894014
4.755480008
3.089887685
2.160695512
3.121693131
4.985949919
2.494203848
4.715188839
2.243103547
4.45499231
2.635500721
3.591688841
2.280076389
1.252961727
3.411287732
1.024249752
2.429329839
2.036236385
1.759075153
3.145519148
3.842198105
3.633088055
3.939543888
3.243975902
1.426440501
4.465901208
1.497399016
1.034707249
4.342864389
2.030988403
3.976500694
2.901295957
4.2147036
1.178803098
2.711081219
4.785525241
2.532856212
2.032281097
2.269794299
4.652599022
1.350981011
2.8944503
4.871838867
1.702611669
4.728247063
1.28844434
3.462154378
2.650083893
3.784631414
1.610505131
4.450171665
3.452532367
4.180330342
1.871649611
3.812676437
3.579320092
1.66146129
4.197234004
3.75533768
3.751515852
1.295296419
2.235056997
4.602210649
3.770055015
4.905280461
3.552471479
2.751416671
1.985714888
4.965199289
4.62809882
1.074566723
4.696076856
2.814233499
1.615967237
3.260638818
2.441480658
4.309089575
1.005087152
1.062507176
4.811990498
4.276502786
1.99931231
4.660541004
2.097545483
3.252305172
1.024989526
2.689886463
1.533612141
3.456740111
1.194964203
4.464839095
3.171747047
1.938962642
1.098235316
1.842278867
2.929741597
4.268877638
3.234874807
2.958262822
3.184013143
1.947337779
1.398131792
2.779424045
4.565208379
2.862980933
1.179131481
4.049538098
3.809658144
4.35132221
2.410307487
3.941315472
1.269435005
2.946505642
4.17408542
1.373619967
3.22134178
2.152949486
3.268427817
4.705354779
2.554303203
2.050063994
4.734713084
4.592766561
4.804098158
1.804396765
1.653623132
4.824649275
2.258849245
4.794781603
3.425180331
4.979678294
2.196904671
1.050046258
4.295812637
4.448919723
1.683155281
2.169090131
3.483939735
4.610941929
4.440120163
2.491495141
4.868671076
3.928338293
4.226909223
1.373331834
1.939961599
2.573743469
2.206169939
3.957991511
1.109084448
3.165324059
3.805121226
3.206257442
4.420346267
2.409415897
2.728688821
1.607311682
4.898212138
2.645058812
4.891155555
1.592563595
3.902509392
2.761694311
1.126795615
1.033843193
1.230817612
3.691134961
3.386836818
3.462802611
1.729135622
2.999073583
3.753972994
1.250641246
1.419739933
3.346345375
2.386806405
3.727593991
2.097525173
1.973300966
4.209098217
1.893823744
3.46720994
1.669924032
4.188203485
4.222293806
1.829285875
3.458410207
3.643455854
3.804358644
2.085546642
2.061492073
4.826714567
4.461908067
4.63013782
4.599817817
4.476172222
4.680516842
1.565842609
4.773680199
2.504876163
2.977355256
3.201146073
2.219384304
1.798129096
3.975467678
3.726035874
1.721478784
4.828402785
1.94808694
2.197254325
3.073906222
1.269834028
3.958356668
3.25514699
3.143872925
2.514204912
1.09856738
3.648417121
4.645175947
1.320470072
4.293960351
1.481966572
1.85639746
1.117533504
1.796726721
2.327887123
4.782806322
3.513026866
2.642952863
1.615425214
2.630726641
3.389745863
3.778630527
2.003227449
4.324805159
3.142595278
1.066913371
1.843096781
1.176733499
3.05083263
2.795980171
3.127369464
1.090838624
1.160500672
4.022938202
3.443916707
3.15966154
3.637743931
4.743995466
2.88300725
1.080282827
1.851395713
4.775265823
1.780308671
4.401707974
4.257084648
3.729791859
2.548301229
2.357340748
1.100055884
3.776324762
2.891092635
4.24899806
2.406013134
2.677289107
2.655170363
3.154720588
3.005164208
3.062273281
2.723012964
2.885109374
2.102424601
4.304919134
1.37498193
3.763596385
3.642990691
1.270582725
2.685204468
3.011248497
3.009772948
3.709391012
1.902236722
1.801034634
4.350896543
4.451841229
1.400216676
4.027847422
4.660135925
1.578920563
1.433025224
3.940945968
1.672864993
4.550095006
4.23510887
3.929471959
1.839078605
2.708009138
2.622370915
4.646393154
3.33871116
4.163516573
3.275055379
1.298168634
4.500430873
4.02396113
4.301461671
1.937806814
2.763920221
2.414504767
1.933797663
2.894494254
3.031971532
3.416143046
3.645241825
4.95344589
4.59601947
1.041106324
1.444006996
3.942359066
2.072747672
1.411357396
2.104328277
4.369727157
3.816709538
4.210620205
2.401789778
1.608144765
4.640523706
3.187460265
2.190807735
1.766195134
1.050332468
2.547022476
1.573352781
3.194487396
3.325650558
1.202652212
2.09992246
3.287389527
3.96900792
4.057433316
2.930754718
3.456679608
2.835769687
3.803150908
3.356797624
3.804940641
2.916489594
4.575139767
2.829893583
3.703265445
3.283881049
2.190376484
4.946757548
4.585559724
3.989968345
3.012986786
3.85576932
2.563700693
3.391888262
2.636831887
1.883630519
1.881446925
1.123239786
3.217890048
4.945684191
3.721576137
1.659599166
1.968877422
4.056119883
3.077371474
2.013072552
1.668270797
3.155635638
3.551765705
4.472837069
1.706311201
2.948747206
2.554289247
1.541984698
2.802296653
1.797722997
3.912168792
4.928868618
2.204637506
2.565573143
4.139661022
1.730071279
2.608358765
4.284576209
4.541801543
3.504891539
4.865912995
4.003376677
1.339532012
2.308312119
4.97683245
3.375717766
4.783297803
3.740671233
3.100457611
3.101054267
1.53547692
4.040697716
4.176305464
1.893288846
4.812332539
3.444967623
4.038688935
4.457362282
2.906020182
2.512345782
4.614652816
3.249077163
2.573964548
4.715256874
3.39256674
4.972677491
4.922173019
4.000541836
4.44083287
4.395111619
1.620080592
1.544463934
3.961913076
3.089721518
3.093552988